OBJECTID,DATA_RICEVIMENTO_TAMPONE,NUM_TAMP,INCREMENTO,REGIONE,ObjectId2
65,20200424,1030,74074,LOMBARDIA,1
66,20200425,501,74575,LOMBARDIA,2
67,20200426,226,74801,LOMBARDIA,3
68,20200427,929,75730,LOMBARDIA,4
69,20200428,873,76603,LOMBARDIA,5
70,20200429,1059,77662,LOMBARDIA,6
71,20200430,1026,78688,LOMBARDIA,7
72,20200501,262,78950,LOMBARDIA,8
73,20200502,284,79234,LOMBARDIA,9
74,20200503,117,79351,LOMBARDIA,10
75,20200504,713,80064,LOMBARDIA,11
76,20200505,766,80830,LOMBARDIA,12
77,20200506,709,81539,LOMBARDIA,13
78,20200507,701,82240,LOMBARDIA,14
79,20200508,653,82893,LOMBARDIA,15
80,20200509,256,83149,LOMBARDIA,16
81,20200510,106,83255,LOMBARDIA,17
82,20200511,495,83750,LOMBARDIA,18
83,20200512,431,84181,LOMBARDIA,19
84,20200513,423,84604,LOMBARDIA,20
85,20200514,402,85006,LOMBARDIA,21
86,20200515,360,85366,LOMBARDIA,22
87,20200516,307,85673,LOMBARDIA,23
88,20200517,87,85760,LOMBARDIA,24
89,20200518,329,86089,LOMBARDIA,25
90,20200519,363,86452,LOMBARDIA,26
91,20200520,381,86833,LOMBARDIA,27
92,20200521,346,87179,LOMBARDIA,28
93,20200522,444,87623,LOMBARDIA,29
94,20200523,168,87791,LOMBARDIA,30
95,20200524,59,87850,LOMBARDIA,31
96,20200525,307,88157,LOMBARDIA,32
97,20200526,352,88509,LOMBARDIA,33
98,20200527,356,88865,LOMBARDIA,34
99,20200528,322,89187,LOMBARDIA,35
100,20200529,208,89395,LOMBARDIA,36
101,20200530,175,89570,LOMBARDIA,37
102,20200531,19,89589,LOMBARDIA,38
103,20200601,251,89840,LOMBARDIA,39
104,20200602,31,89871,LOMBARDIA,40
105,20200603,248,90119,LOMBARDIA,41
106,20200604,250,90369,LOMBARDIA,42
107,20200605,262,90631,LOMBARDIA,43
108,20200606,114,90745,LOMBARDIA,44
109,20200607,33,90778,LOMBARDIA,45
110,20200608,179,90957,LOMBARDIA,46
111,20200609,263,91220,LOMBARDIA,47
112,20200610,241,91461,LOMBARDIA,48
113,20200611,323,91784,LOMBARDIA,49
114,20200612,281,92065,LOMBARDIA,50
115,20200613,122,92187,LOMBARDIA,51
116,20200614,39,92226,LOMBARDIA,52
117,20200615,195,92421,LOMBARDIA,53
118,20200616,167,92588,LOMBARDIA,54
119,20200617,203,92791,LOMBARDIA,55
120,20200618,138,92929,LOMBARDIA,56
121,20200619,186,93115,LOMBARDIA,57
122,20200620,60,93175,LOMBARDIA,58
123,20200621,12,93187,LOMBARDIA,59
124,20200622,172,93359,LOMBARDIA,60
125,20200623,138,93497,LOMBARDIA,61
126,20200624,100,93597,LOMBARDIA,62
127,20200625,59,93656,LOMBARDIA,63
128,20200626,8,93664,LOMBARDIA,64
1,20200220,3,3,LOMBARDIA,65
2,20200221,31,34,LOMBARDIA,66
3,20200222,32,66,LOMBARDIA,67
4,20200223,47,113,LOMBARDIA,68
5,20200224,60,173,LOMBARDIA,69
6,20200225,97,270,LOMBARDIA,70
7,20200226,117,387,LOMBARDIA,71
8,20200227,147,534,LOMBARDIA,72
9,20200228,206,740,LOMBARDIA,73
10,20200229,250,990,LOMBARDIA,74
11,20200301,283,1273,LOMBARDIA,75
12,20200302,396,1669,LOMBARDIA,76
13,20200303,478,2147,LOMBARDIA,77
14,20200304,628,2775,LOMBARDIA,78
15,20200305,793,3568,LOMBARDIA,79
16,20200306,906,4474,LOMBARDIA,80
17,20200307,703,5177,LOMBARDIA,81
18,20200308,775,5952,LOMBARDIA,82
19,20200309,1218,7170,LOMBARDIA,83
20,20200310,1352,8522,LOMBARDIA,84
21,20200311,1336,9858,LOMBARDIA,85
22,20200312,1360,11218,LOMBARDIA,86
23,20200313,1724,12942,LOMBARDIA,87
24,20200314,1378,14320,LOMBARDIA,88
25,20200315,1195,15515,LOMBARDIA,89
26,20200316,2131,17646,LOMBARDIA,90
27,20200317,2086,19732,LOMBARDIA,91
28,20200318,2161,21893,LOMBARDIA,92
29,20200319,2229,24122,LOMBARDIA,93
30,20200320,2221,26343,LOMBARDIA,94
31,20200321,1409,27752,LOMBARDIA,95
32,20200322,1162,28914,LOMBARDIA,96
33,20200323,2190,31104,LOMBARDIA,97
34,20200324,2161,33265,LOMBARDIA,98
35,20200325,2051,35316,LOMBARDIA,99
36,20200326,2057,37373,LOMBARDIA,100
37,20200327,1999,39372,LOMBARDIA,101
38,20200328,1366,40738,LOMBARDIA,102
39,20200329,758,41496,LOMBARDIA,103
40,20200330,1753,43249,LOMBARDIA,104
41,20200331,1544,44793,LOMBARDIA,105
42,20200401,1821,46614,LOMBARDIA,106
43,20200402,1624,48238,LOMBARDIA,107
44,20200403,1616,49854,LOMBARDIA,108
45,20200404,1079,50933,LOMBARDIA,109
46,20200405,640,51573,LOMBARDIA,110
47,20200406,1570,53143,LOMBARDIA,111
48,20200407,1495,54638,LOMBARDIA,112
49,20200408,1507,56145,LOMBARDIA,113
50,20200409,1932,58077,LOMBARDIA,114
51,20200410,2053,60130,LOMBARDIA,115
52,20200411,1140,61270,LOMBARDIA,116
53,20200412,552,61822,LOMBARDIA,117
54,20200413,564,62386,LOMBARDIA,118
55,20200414,1152,63538,LOMBARDIA,119
56,20200415,1379,64917,LOMBARDIA,120
57,20200416,1260,66177,LOMBARDIA,121
58,20200417,1308,67485,LOMBARDIA,122
59,20200418,758,68243,LOMBARDIA,123
60,20200419,392,68635,LOMBARDIA,124
61,20200420,1152,69787,LOMBARDIA,125
62,20200421,1076,70863,LOMBARDIA,126
63,20200422,966,71829,LOMBARDIA,127
64,20200423,1215,73044,LOMBARDIA,128
