OBJECTID,DATA_RICEVIMENTO_TAMPONE,NUM_TAMP,INCREMENTO,REGIONE,ObjectId2
1,20200220,3,3,LOMBARDIA,1
2,20200221,30,33,LOMBARDIA,2
3,20200222,32,65,LOMBARDIA,3
4,20200223,47,112,LOMBARDIA,4
5,20200224,60,172,LOMBARDIA,5
6,20200225,96,268,LOMBARDIA,6
7,20200226,116,384,LOMBARDIA,7
8,20200227,147,531,LOMBARDIA,8
9,20200228,204,735,LOMBARDIA,9
10,20200229,250,985,LOMBARDIA,10
11,20200301,283,1268,LOMBARDIA,11
12,20200302,396,1664,LOMBARDIA,12
13,20200303,477,2141,LOMBARDIA,13
14,20200304,629,2770,LOMBARDIA,14
15,20200305,790,3560,LOMBARDIA,15
16,20200306,904,4464,LOMBARDIA,16
17,20200307,701,5165,LOMBARDIA,17
18,20200308,770,5935,LOMBARDIA,18
19,20200309,1215,7150,LOMBARDIA,19
20,20200310,1353,8503,LOMBARDIA,20
21,20200311,1335,9838,LOMBARDIA,21
22,20200312,1361,11199,LOMBARDIA,22
23,20200313,1720,12919,LOMBARDIA,23
24,20200314,1372,14291,LOMBARDIA,24
25,20200315,1194,15485,LOMBARDIA,25
26,20200316,2133,17618,LOMBARDIA,26
27,20200317,2086,19704,LOMBARDIA,27
28,20200318,2161,21865,LOMBARDIA,28
29,20200319,2230,24095,LOMBARDIA,29
30,20200320,2225,26320,LOMBARDIA,30
31,20200321,1409,27729,LOMBARDIA,31
32,20200322,1163,28892,LOMBARDIA,32
33,20200323,2190,31082,LOMBARDIA,33
34,20200324,2156,33238,LOMBARDIA,34
35,20200325,2049,35287,LOMBARDIA,35
36,20200326,2050,37337,LOMBARDIA,36
37,20200327,1989,39326,LOMBARDIA,37
38,20200328,1362,40688,LOMBARDIA,38
39,20200329,756,41444,LOMBARDIA,39
40,20200330,1759,43203,LOMBARDIA,40
41,20200331,1539,44742,LOMBARDIA,41
42,20200401,1812,46554,LOMBARDIA,42
43,20200402,1625,48179,LOMBARDIA,43
44,20200403,1617,49796,LOMBARDIA,44
45,20200404,1080,50876,LOMBARDIA,45
46,20200405,638,51514,LOMBARDIA,46
47,20200406,1567,53081,LOMBARDIA,47
48,20200407,1488,54569,LOMBARDIA,48
49,20200408,1500,56069,LOMBARDIA,49
50,20200409,1926,57995,LOMBARDIA,50
151,20200719,15,95370,LOMBARDIA,51
152,20200720,71,95441,LOMBARDIA,52
153,20200721,69,95510,LOMBARDIA,53
154,20200722,61,95571,LOMBARDIA,54
155,20200723,90,95661,LOMBARDIA,55
156,20200724,82,95743,LOMBARDIA,56
157,20200725,38,95781,LOMBARDIA,57
158,20200726,15,95796,LOMBARDIA,58
159,20200727,80,95876,LOMBARDIA,59
160,20200728,69,95945,LOMBARDIA,60
161,20200729,84,96029,LOMBARDIA,61
162,20200730,49,96078,LOMBARDIA,62
163,20200731,60,96138,LOMBARDIA,63
164,20200801,34,96172,LOMBARDIA,64
165,20200802,17,96189,LOMBARDIA,65
166,20200803,170,96359,LOMBARDIA,66
167,20200804,76,96435,LOMBARDIA,67
168,20200805,82,96517,LOMBARDIA,68
169,20200806,84,96601,LOMBARDIA,69
170,20200807,81,96682,LOMBARDIA,70
171,20200808,59,96741,LOMBARDIA,71
172,20200809,21,96762,LOMBARDIA,72
173,20200810,99,96861,LOMBARDIA,73
174,20200811,96,96957,LOMBARDIA,74
175,20200812,95,97052,LOMBARDIA,75
176,20200813,98,97150,LOMBARDIA,76
177,20200814,104,97254,LOMBARDIA,77
178,20200815,19,97273,LOMBARDIA,78
179,20200816,19,97292,LOMBARDIA,79
180,20200817,147,97439,LOMBARDIA,80
181,20200818,150,97589,LOMBARDIA,81
182,20200819,170,97759,LOMBARDIA,82
183,20200820,208,97967,LOMBARDIA,83
184,20200821,275,98242,LOMBARDIA,84
185,20200822,149,98391,LOMBARDIA,85
186,20200823,52,98443,LOMBARDIA,86
187,20200824,337,98780,LOMBARDIA,87
188,20200825,343,99123,LOMBARDIA,88
189,20200826,296,99419,LOMBARDIA,89
190,20200827,358,99777,LOMBARDIA,90
191,20200828,263,100040,LOMBARDIA,91
192,20200829,157,100197,LOMBARDIA,92
193,20200830,83,100280,LOMBARDIA,93
194,20200831,317,100597,LOMBARDIA,94
195,20200901,286,100883,LOMBARDIA,95
196,20200902,337,101220,LOMBARDIA,96
197,20200903,291,101511,LOMBARDIA,97
198,20200904,293,101804,LOMBARDIA,98
199,20200905,150,101954,LOMBARDIA,99
200,20200906,63,102017,LOMBARDIA,100
51,20200410,2051,60046,LOMBARDIA,101
52,20200411,1136,61182,LOMBARDIA,102
53,20200412,552,61734,LOMBARDIA,103
54,20200413,566,62300,LOMBARDIA,104
55,20200414,1150,63450,LOMBARDIA,105
56,20200415,1382,64832,LOMBARDIA,106
57,20200416,1252,66084,LOMBARDIA,107
58,20200417,1306,67390,LOMBARDIA,108
59,20200418,755,68145,LOMBARDIA,109
60,20200419,389,68534,LOMBARDIA,110
61,20200420,1156,69690,LOMBARDIA,111
62,20200421,1074,70764,LOMBARDIA,112
63,20200422,967,71731,LOMBARDIA,113
64,20200423,1208,72939,LOMBARDIA,114
65,20200424,1020,73959,LOMBARDIA,115
66,20200425,496,74455,LOMBARDIA,116
67,20200426,228,74683,LOMBARDIA,117
68,20200427,924,75607,LOMBARDIA,118
69,20200428,867,76474,LOMBARDIA,119
70,20200429,1049,77523,LOMBARDIA,120
71,20200430,1027,78550,LOMBARDIA,121
72,20200501,259,78809,LOMBARDIA,122
73,20200502,287,79096,LOMBARDIA,123
74,20200503,115,79211,LOMBARDIA,124
75,20200504,708,79919,LOMBARDIA,125
76,20200505,766,80685,LOMBARDIA,126
77,20200506,716,81401,LOMBARDIA,127
78,20200507,688,82089,LOMBARDIA,128
79,20200508,664,82753,LOMBARDIA,129
80,20200509,247,83000,LOMBARDIA,130
81,20200510,89,83089,LOMBARDIA,131
82,20200511,473,83562,LOMBARDIA,132
83,20200512,430,83992,LOMBARDIA,133
84,20200513,418,84410,LOMBARDIA,134
85,20200514,396,84806,LOMBARDIA,135
86,20200515,361,85167,LOMBARDIA,136
87,20200516,299,85466,LOMBARDIA,137
88,20200517,87,85553,LOMBARDIA,138
89,20200518,320,85873,LOMBARDIA,139
90,20200519,360,86233,LOMBARDIA,140
91,20200520,372,86605,LOMBARDIA,141
92,20200521,349,86954,LOMBARDIA,142
93,20200522,435,87389,LOMBARDIA,143
94,20200523,166,87555,LOMBARDIA,144
95,20200524,63,87618,LOMBARDIA,145
96,20200525,289,87907,LOMBARDIA,146
97,20200526,320,88227,LOMBARDIA,147
98,20200527,349,88576,LOMBARDIA,148
99,20200528,317,88893,LOMBARDIA,149
100,20200529,223,89116,LOMBARDIA,150
201,20200907,277,102294,LOMBARDIA,151
202,20200908,244,102538,LOMBARDIA,152
203,20200909,256,102794,LOMBARDIA,153
204,20200910,247,103041,LOMBARDIA,154
205,20200911,243,103284,LOMBARDIA,155
206,20200912,142,103426,LOMBARDIA,156
207,20200913,52,103478,LOMBARDIA,157
208,20200914,223,103701,LOMBARDIA,158
209,20200915,231,103932,LOMBARDIA,159
210,20200916,213,104145,LOMBARDIA,160
211,20200917,305,104450,LOMBARDIA,161
212,20200918,272,104722,LOMBARDIA,162
213,20200919,171,104893,LOMBARDIA,163
214,20200920,35,104928,LOMBARDIA,164
215,20200921,234,105162,LOMBARDIA,165
216,20200922,230,105392,LOMBARDIA,166
217,20200923,264,105656,LOMBARDIA,167
218,20200924,320,105976,LOMBARDIA,168
219,20200925,275,106251,LOMBARDIA,169
220,20200926,144,106395,LOMBARDIA,170
221,20200927,55,106450,LOMBARDIA,171
222,20200928,276,106726,LOMBARDIA,172
223,20200929,286,107012,LOMBARDIA,173
224,20200930,347,107359,LOMBARDIA,174
225,20201001,417,107776,LOMBARDIA,175
226,20201002,433,108209,LOMBARDIA,176
227,20201003,377,108586,LOMBARDIA,177
228,20201004,87,108673,LOMBARDIA,178
229,20201005,657,109330,LOMBARDIA,179
230,20201006,833,110163,LOMBARDIA,180
231,20201007,965,111128,LOMBARDIA,181
232,20201008,1246,112374,LOMBARDIA,182
233,20201009,1539,113913,LOMBARDIA,183
234,20201010,1134,115047,LOMBARDIA,184
235,20201011,306,115353,LOMBARDIA,185
236,20201012,2224,117577,LOMBARDIA,186
237,20201013,2240,119817,LOMBARDIA,187
238,20201014,2607,122424,LOMBARDIA,188
239,20201015,3038,125462,LOMBARDIA,189
240,20201016,3289,128751,LOMBARDIA,190
241,20201017,2496,131247,LOMBARDIA,191
242,20201018,693,131940,LOMBARDIA,192
243,20201019,4697,136637,LOMBARDIA,193
244,20201020,4928,141565,LOMBARDIA,194
245,20201021,5578,147143,LOMBARDIA,195
246,20201022,5989,153132,LOMBARDIA,196
247,20201023,4977,158109,LOMBARDIA,197
248,20201024,2867,160976,LOMBARDIA,198
249,20201025,1060,162036,LOMBARDIA,199
250,20201026,932,162968,LOMBARDIA,200
101,20200530,172,89288,LOMBARDIA,201
102,20200531,26,89314,LOMBARDIA,202
103,20200601,246,89560,LOMBARDIA,203
104,20200602,31,89591,LOMBARDIA,204
105,20200603,252,89843,LOMBARDIA,205
106,20200604,248,90091,LOMBARDIA,206
107,20200605,254,90345,LOMBARDIA,207
108,20200606,119,90464,LOMBARDIA,208
109,20200607,35,90499,LOMBARDIA,209
110,20200608,173,90672,LOMBARDIA,210
111,20200609,248,90920,LOMBARDIA,211
112,20200610,241,91161,LOMBARDIA,212
113,20200611,323,91484,LOMBARDIA,213
114,20200612,279,91763,LOMBARDIA,214
115,20200613,124,91887,LOMBARDIA,215
116,20200614,40,91927,LOMBARDIA,216
117,20200615,195,92122,LOMBARDIA,217
118,20200616,169,92291,LOMBARDIA,218
119,20200617,203,92494,LOMBARDIA,219
120,20200618,136,92630,LOMBARDIA,220
121,20200619,188,92818,LOMBARDIA,221
122,20200620,60,92878,LOMBARDIA,222
123,20200621,12,92890,LOMBARDIA,223
124,20200622,169,93059,LOMBARDIA,224
125,20200623,149,93208,LOMBARDIA,225
126,20200624,117,93325,LOMBARDIA,226
127,20200625,101,93426,LOMBARDIA,227
128,20200626,107,93533,LOMBARDIA,228
129,20200627,45,93578,LOMBARDIA,229
130,20200628,28,93606,LOMBARDIA,230
131,20200629,135,93741,LOMBARDIA,231
132,20200630,98,93839,LOMBARDIA,232
133,20200701,124,93963,LOMBARDIA,233
134,20200702,130,94093,LOMBARDIA,234
135,20200703,108,94201,LOMBARDIA,235
136,20200704,102,94303,LOMBARDIA,236
137,20200705,22,94325,LOMBARDIA,237
138,20200706,129,94454,LOMBARDIA,238
139,20200707,94,94548,LOMBARDIA,239
140,20200708,118,94666,LOMBARDIA,240
141,20200709,99,94765,LOMBARDIA,241
142,20200710,105,94870,LOMBARDIA,242
143,20200711,59,94929,LOMBARDIA,243
144,20200712,11,94940,LOMBARDIA,244
145,20200713,62,95002,LOMBARDIA,245
146,20200714,78,95080,LOMBARDIA,246
147,20200715,75,95155,LOMBARDIA,247
148,20200716,66,95221,LOMBARDIA,248
149,20200717,85,95306,LOMBARDIA,249
150,20200718,49,95355,LOMBARDIA,250
