OBJECTID,DATA_RICEVIMENTO_TAMPONE,NUM_TAMP,INCREMENTO,REGIONE,ObjectId2
1,20200220,3,3,LOMBARDIA,1
2,20200221,30,33,LOMBARDIA,2
3,20200222,32,65,LOMBARDIA,3
4,20200223,47,112,LOMBARDIA,4
5,20200224,60,172,LOMBARDIA,5
6,20200225,96,268,LOMBARDIA,6
7,20200226,117,385,LOMBARDIA,7
8,20200227,147,532,LOMBARDIA,8
9,20200228,204,736,LOMBARDIA,9
10,20200229,250,986,LOMBARDIA,10
11,20200301,284,1270,LOMBARDIA,11
12,20200302,396,1666,LOMBARDIA,12
13,20200303,477,2143,LOMBARDIA,13
14,20200304,629,2772,LOMBARDIA,14
15,20200305,791,3563,LOMBARDIA,15
16,20200306,904,4467,LOMBARDIA,16
17,20200307,701,5168,LOMBARDIA,17
18,20200308,771,5939,LOMBARDIA,18
19,20200309,1215,7154,LOMBARDIA,19
20,20200310,1353,8507,LOMBARDIA,20
21,20200311,1335,9842,LOMBARDIA,21
22,20200312,1361,11203,LOMBARDIA,22
23,20200313,1721,12924,LOMBARDIA,23
24,20200314,1374,14298,LOMBARDIA,24
25,20200315,1194,15492,LOMBARDIA,25
26,20200316,2133,17625,LOMBARDIA,26
27,20200317,2086,19711,LOMBARDIA,27
28,20200318,2161,21872,LOMBARDIA,28
29,20200319,2231,24103,LOMBARDIA,29
30,20200320,2225,26328,LOMBARDIA,30
31,20200321,1409,27737,LOMBARDIA,31
32,20200322,1163,28900,LOMBARDIA,32
33,20200323,2191,31091,LOMBARDIA,33
34,20200324,2157,33248,LOMBARDIA,34
35,20200325,2053,35301,LOMBARDIA,35
36,20200326,2053,37354,LOMBARDIA,36
37,20200327,1993,39347,LOMBARDIA,37
38,20200328,1363,40710,LOMBARDIA,38
39,20200329,756,41466,LOMBARDIA,39
40,20200330,1760,43226,LOMBARDIA,40
41,20200331,1541,44767,LOMBARDIA,41
42,20200401,1812,46579,LOMBARDIA,42
43,20200402,1625,48204,LOMBARDIA,43
44,20200403,1618,49822,LOMBARDIA,44
45,20200404,1081,50903,LOMBARDIA,45
46,20200405,640,51543,LOMBARDIA,46
47,20200406,1569,53112,LOMBARDIA,47
48,20200407,1489,54601,LOMBARDIA,48
49,20200408,1500,56101,LOMBARDIA,49
50,20200409,1928,58029,LOMBARDIA,50
51,20200410,2051,60080,LOMBARDIA,51
52,20200411,1136,61216,LOMBARDIA,52
53,20200412,553,61769,LOMBARDIA,53
54,20200413,568,62337,LOMBARDIA,54
55,20200414,1150,63487,LOMBARDIA,55
56,20200415,1382,64869,LOMBARDIA,56
169,20200806,84,96678,LOMBARDIA,57
170,20200807,81,96759,LOMBARDIA,58
171,20200808,59,96818,LOMBARDIA,59
172,20200809,21,96839,LOMBARDIA,60
173,20200810,99,96938,LOMBARDIA,61
174,20200811,96,97034,LOMBARDIA,62
175,20200812,95,97129,LOMBARDIA,63
176,20200813,98,97227,LOMBARDIA,64
177,20200814,104,97331,LOMBARDIA,65
178,20200815,18,97349,LOMBARDIA,66
179,20200816,19,97368,LOMBARDIA,67
180,20200817,147,97515,LOMBARDIA,68
181,20200818,150,97665,LOMBARDIA,69
182,20200819,170,97835,LOMBARDIA,70
183,20200820,207,98042,LOMBARDIA,71
184,20200821,275,98317,LOMBARDIA,72
185,20200822,149,98466,LOMBARDIA,73
186,20200823,52,98518,LOMBARDIA,74
187,20200824,336,98854,LOMBARDIA,75
188,20200825,343,99197,LOMBARDIA,76
189,20200826,296,99493,LOMBARDIA,77
190,20200827,358,99851,LOMBARDIA,78
191,20200828,263,100114,LOMBARDIA,79
192,20200829,157,100271,LOMBARDIA,80
193,20200830,83,100354,LOMBARDIA,81
194,20200831,316,100670,LOMBARDIA,82
195,20200901,286,100956,LOMBARDIA,83
196,20200902,337,101293,LOMBARDIA,84
197,20200903,291,101584,LOMBARDIA,85
198,20200904,293,101877,LOMBARDIA,86
199,20200905,150,102027,LOMBARDIA,87
200,20200906,63,102090,LOMBARDIA,88
201,20200907,275,102365,LOMBARDIA,89
202,20200908,244,102609,LOMBARDIA,90
203,20200909,256,102865,LOMBARDIA,91
204,20200910,247,103112,LOMBARDIA,92
205,20200911,243,103355,LOMBARDIA,93
206,20200912,142,103497,LOMBARDIA,94
207,20200913,53,103550,LOMBARDIA,95
208,20200914,240,103790,LOMBARDIA,96
209,20200915,231,104021,LOMBARDIA,97
210,20200916,212,104233,LOMBARDIA,98
211,20200917,304,104537,LOMBARDIA,99
212,20200918,272,104809,LOMBARDIA,100
213,20200919,170,104979,LOMBARDIA,101
214,20200920,35,105014,LOMBARDIA,102
215,20200921,234,105248,LOMBARDIA,103
216,20200922,229,105477,LOMBARDIA,104
217,20200923,262,105739,LOMBARDIA,105
218,20200924,319,106058,LOMBARDIA,106
219,20200925,271,106329,LOMBARDIA,107
220,20200926,143,106472,LOMBARDIA,108
221,20200927,54,106526,LOMBARDIA,109
222,20200928,257,106783,LOMBARDIA,110
223,20200929,203,106986,LOMBARDIA,111
224,20200930,65,107051,LOMBARDIA,112
113,20200611,323,91547,LOMBARDIA,113
114,20200612,279,91826,LOMBARDIA,114
115,20200613,124,91950,LOMBARDIA,115
116,20200614,40,91990,LOMBARDIA,116
117,20200615,195,92185,LOMBARDIA,117
118,20200616,169,92354,LOMBARDIA,118
119,20200617,204,92558,LOMBARDIA,119
120,20200618,137,92695,LOMBARDIA,120
121,20200619,188,92883,LOMBARDIA,121
122,20200620,60,92943,LOMBARDIA,122
123,20200621,12,92955,LOMBARDIA,123
124,20200622,170,93125,LOMBARDIA,124
125,20200623,149,93274,LOMBARDIA,125
126,20200624,117,93391,LOMBARDIA,126
127,20200625,101,93492,LOMBARDIA,127
128,20200626,107,93599,LOMBARDIA,128
129,20200627,45,93644,LOMBARDIA,129
130,20200628,29,93673,LOMBARDIA,130
131,20200629,136,93809,LOMBARDIA,131
132,20200630,99,93908,LOMBARDIA,132
133,20200701,125,94033,LOMBARDIA,133
134,20200702,130,94163,LOMBARDIA,134
135,20200703,108,94271,LOMBARDIA,135
136,20200704,102,94373,LOMBARDIA,136
137,20200705,22,94395,LOMBARDIA,137
138,20200706,129,94524,LOMBARDIA,138
139,20200707,94,94618,LOMBARDIA,139
140,20200708,119,94737,LOMBARDIA,140
141,20200709,100,94837,LOMBARDIA,141
142,20200710,106,94943,LOMBARDIA,142
143,20200711,59,95002,LOMBARDIA,143
144,20200712,11,95013,LOMBARDIA,144
145,20200713,62,95075,LOMBARDIA,145
146,20200714,78,95153,LOMBARDIA,146
147,20200715,75,95228,LOMBARDIA,147
148,20200716,66,95294,LOMBARDIA,148
149,20200717,85,95379,LOMBARDIA,149
150,20200718,49,95428,LOMBARDIA,150
151,20200719,15,95443,LOMBARDIA,151
152,20200720,71,95514,LOMBARDIA,152
153,20200721,69,95583,LOMBARDIA,153
154,20200722,61,95644,LOMBARDIA,154
155,20200723,90,95734,LOMBARDIA,155
156,20200724,84,95818,LOMBARDIA,156
157,20200725,39,95857,LOMBARDIA,157
158,20200726,15,95872,LOMBARDIA,158
159,20200727,80,95952,LOMBARDIA,159
160,20200728,69,96021,LOMBARDIA,160
161,20200729,84,96105,LOMBARDIA,161
162,20200730,49,96154,LOMBARDIA,162
163,20200731,60,96214,LOMBARDIA,163
164,20200801,34,96248,LOMBARDIA,164
165,20200802,17,96265,LOMBARDIA,165
166,20200803,170,96435,LOMBARDIA,166
167,20200804,76,96511,LOMBARDIA,167
168,20200805,83,96594,LOMBARDIA,168
57,20200416,1253,66122,LOMBARDIA,169
58,20200417,1308,67430,LOMBARDIA,170
59,20200418,756,68186,LOMBARDIA,171
60,20200419,390,68576,LOMBARDIA,172
61,20200420,1157,69733,LOMBARDIA,173
62,20200421,1074,70807,LOMBARDIA,174
63,20200422,968,71775,LOMBARDIA,175
64,20200423,1210,72985,LOMBARDIA,176
65,20200424,1022,74007,LOMBARDIA,177
66,20200425,496,74503,LOMBARDIA,178
67,20200426,228,74731,LOMBARDIA,179
68,20200427,925,75656,LOMBARDIA,180
69,20200428,867,76523,LOMBARDIA,181
70,20200429,1049,77572,LOMBARDIA,182
71,20200430,1029,78601,LOMBARDIA,183
72,20200501,259,78860,LOMBARDIA,184
73,20200502,287,79147,LOMBARDIA,185
74,20200503,117,79264,LOMBARDIA,186
75,20200504,709,79973,LOMBARDIA,187
76,20200505,764,80737,LOMBARDIA,188
77,20200506,716,81453,LOMBARDIA,189
78,20200507,689,82142,LOMBARDIA,190
79,20200508,664,82806,LOMBARDIA,191
80,20200509,247,83053,LOMBARDIA,192
81,20200510,89,83142,LOMBARDIA,193
82,20200511,473,83615,LOMBARDIA,194
83,20200512,430,84045,LOMBARDIA,195
84,20200513,418,84463,LOMBARDIA,196
85,20200514,396,84859,LOMBARDIA,197
86,20200515,361,85220,LOMBARDIA,198
87,20200516,299,85519,LOMBARDIA,199
88,20200517,87,85606,LOMBARDIA,200
89,20200518,321,85927,LOMBARDIA,201
90,20200519,362,86289,LOMBARDIA,202
91,20200520,373,86662,LOMBARDIA,203
92,20200521,350,87012,LOMBARDIA,204
93,20200522,437,87449,LOMBARDIA,205
94,20200523,166,87615,LOMBARDIA,206
95,20200524,63,87678,LOMBARDIA,207
96,20200525,289,87967,LOMBARDIA,208
97,20200526,321,88288,LOMBARDIA,209
98,20200527,350,88638,LOMBARDIA,210
99,20200528,317,88955,LOMBARDIA,211
100,20200529,223,89178,LOMBARDIA,212
101,20200530,172,89350,LOMBARDIA,213
102,20200531,26,89376,LOMBARDIA,214
103,20200601,246,89622,LOMBARDIA,215
104,20200602,31,89653,LOMBARDIA,216
105,20200603,252,89905,LOMBARDIA,217
106,20200604,248,90153,LOMBARDIA,218
107,20200605,254,90407,LOMBARDIA,219
108,20200606,119,90526,LOMBARDIA,220
109,20200607,35,90561,LOMBARDIA,221
110,20200608,173,90734,LOMBARDIA,222
111,20200609,249,90983,LOMBARDIA,223
112,20200610,241,91224,LOMBARDIA,224
