OBJECTID,DATA_RICEVIMENTO_TAMPONE,NUM_TAMP,INCREMENTO,REGIONE,ObjectId2
65,20200424,1025,74057,LOMBARDIA,1
66,20200425,496,74553,LOMBARDIA,2
67,20200426,228,74781,LOMBARDIA,3
68,20200427,927,75708,LOMBARDIA,4
69,20200428,871,76579,LOMBARDIA,5
70,20200429,1049,77628,LOMBARDIA,6
71,20200430,1034,78662,LOMBARDIA,7
72,20200501,261,78923,LOMBARDIA,8
73,20200502,287,79210,LOMBARDIA,9
74,20200503,115,79325,LOMBARDIA,10
75,20200504,709,80034,LOMBARDIA,11
76,20200505,764,80798,LOMBARDIA,12
77,20200506,717,81515,LOMBARDIA,13
78,20200507,688,82203,LOMBARDIA,14
79,20200508,665,82868,LOMBARDIA,15
80,20200509,249,83117,LOMBARDIA,16
81,20200510,89,83206,LOMBARDIA,17
82,20200511,475,83681,LOMBARDIA,18
83,20200512,430,84111,LOMBARDIA,19
84,20200513,418,84529,LOMBARDIA,20
85,20200514,398,84927,LOMBARDIA,21
86,20200515,361,85288,LOMBARDIA,22
87,20200516,299,85587,LOMBARDIA,23
88,20200517,87,85674,LOMBARDIA,24
89,20200518,321,85995,LOMBARDIA,25
90,20200519,363,86358,LOMBARDIA,26
91,20200520,374,86732,LOMBARDIA,27
92,20200521,348,87080,LOMBARDIA,28
93,20200522,437,87517,LOMBARDIA,29
94,20200523,167,87684,LOMBARDIA,30
95,20200524,64,87748,LOMBARDIA,31
96,20200525,289,88037,LOMBARDIA,32
97,20200526,321,88358,LOMBARDIA,33
98,20200527,351,88709,LOMBARDIA,34
99,20200528,318,89027,LOMBARDIA,35
100,20200529,223,89250,LOMBARDIA,36
101,20200530,172,89422,LOMBARDIA,37
102,20200531,26,89448,LOMBARDIA,38
103,20200601,246,89694,LOMBARDIA,39
104,20200602,31,89725,LOMBARDIA,40
105,20200603,252,89977,LOMBARDIA,41
106,20200604,248,90225,LOMBARDIA,42
107,20200605,255,90480,LOMBARDIA,43
108,20200606,120,90600,LOMBARDIA,44
109,20200607,35,90635,LOMBARDIA,45
110,20200608,173,90808,LOMBARDIA,46
111,20200609,248,91056,LOMBARDIA,47
112,20200610,241,91297,LOMBARDIA,48
113,20200611,324,91621,LOMBARDIA,49
114,20200612,280,91901,LOMBARDIA,50
115,20200613,124,92025,LOMBARDIA,51
116,20200614,40,92065,LOMBARDIA,52
117,20200615,196,92261,LOMBARDIA,53
118,20200616,169,92430,LOMBARDIA,54
119,20200617,204,92634,LOMBARDIA,55
120,20200618,137,92771,LOMBARDIA,56
121,20200619,188,92959,LOMBARDIA,57
122,20200620,60,93019,LOMBARDIA,58
123,20200621,12,93031,LOMBARDIA,59
124,20200622,170,93201,LOMBARDIA,60
125,20200623,149,93350,LOMBARDIA,61
126,20200624,117,93467,LOMBARDIA,62
127,20200625,101,93568,LOMBARDIA,63
128,20200626,107,93675,LOMBARDIA,64
1,20200220,3,3,LOMBARDIA,65
2,20200221,30,33,LOMBARDIA,66
3,20200222,32,65,LOMBARDIA,67
4,20200223,47,112,LOMBARDIA,68
5,20200224,60,172,LOMBARDIA,69
6,20200225,96,268,LOMBARDIA,70
7,20200226,117,385,LOMBARDIA,71
8,20200227,147,532,LOMBARDIA,72
9,20200228,204,736,LOMBARDIA,73
10,20200229,250,986,LOMBARDIA,74
11,20200301,284,1270,LOMBARDIA,75
12,20200302,398,1668,LOMBARDIA,76
13,20200303,477,2145,LOMBARDIA,77
14,20200304,630,2775,LOMBARDIA,78
15,20200305,793,3568,LOMBARDIA,79
16,20200306,905,4473,LOMBARDIA,80
17,20200307,701,5174,LOMBARDIA,81
18,20200308,772,5946,LOMBARDIA,82
19,20200309,1217,7163,LOMBARDIA,83
20,20200310,1354,8517,LOMBARDIA,84
21,20200311,1335,9852,LOMBARDIA,85
22,20200312,1362,11214,LOMBARDIA,86
23,20200313,1723,12937,LOMBARDIA,87
24,20200314,1375,14312,LOMBARDIA,88
25,20200315,1194,15506,LOMBARDIA,89
26,20200316,2135,17641,LOMBARDIA,90
27,20200317,2089,19730,LOMBARDIA,91
28,20200318,2162,21892,LOMBARDIA,92
29,20200319,2231,24123,LOMBARDIA,93
30,20200320,2226,26349,LOMBARDIA,94
31,20200321,1410,27759,LOMBARDIA,95
32,20200322,1163,28922,LOMBARDIA,96
33,20200323,2191,31113,LOMBARDIA,97
34,20200324,2159,33272,LOMBARDIA,98
35,20200325,2053,35325,LOMBARDIA,99
36,20200326,2056,37381,LOMBARDIA,100
37,20200327,1993,39374,LOMBARDIA,101
38,20200328,1364,40738,LOMBARDIA,102
39,20200329,758,41496,LOMBARDIA,103
40,20200330,1760,43256,LOMBARDIA,104
41,20200331,1542,44798,LOMBARDIA,105
42,20200401,1813,46611,LOMBARDIA,106
43,20200402,1625,48236,LOMBARDIA,107
44,20200403,1619,49855,LOMBARDIA,108
45,20200404,1081,50936,LOMBARDIA,109
46,20200405,640,51576,LOMBARDIA,110
47,20200406,1570,53146,LOMBARDIA,111
48,20200407,1490,54636,LOMBARDIA,112
49,20200408,1501,56137,LOMBARDIA,113
50,20200409,1929,58066,LOMBARDIA,114
51,20200410,2051,60117,LOMBARDIA,115
52,20200411,1136,61253,LOMBARDIA,116
53,20200412,553,61806,LOMBARDIA,117
54,20200413,568,62374,LOMBARDIA,118
55,20200414,1152,63526,LOMBARDIA,119
56,20200415,1382,64908,LOMBARDIA,120
57,20200416,1254,66162,LOMBARDIA,121
58,20200417,1308,67470,LOMBARDIA,122
59,20200418,757,68227,LOMBARDIA,123
60,20200419,392,68619,LOMBARDIA,124
61,20200420,1160,69779,LOMBARDIA,125
62,20200421,1074,70853,LOMBARDIA,126
63,20200422,968,71821,LOMBARDIA,127
64,20200423,1211,73032,LOMBARDIA,128
129,20200627,45,93720,LOMBARDIA,129
130,20200628,29,93749,LOMBARDIA,130
131,20200629,136,93885,LOMBARDIA,131
132,20200630,99,93984,LOMBARDIA,132
133,20200701,125,94109,LOMBARDIA,133
134,20200702,130,94239,LOMBARDIA,134
135,20200703,108,94347,LOMBARDIA,135
136,20200704,102,94449,LOMBARDIA,136
137,20200705,22,94471,LOMBARDIA,137
138,20200706,130,94601,LOMBARDIA,138
139,20200707,94,94695,LOMBARDIA,139
140,20200708,120,94815,LOMBARDIA,140
141,20200709,100,94915,LOMBARDIA,141
142,20200710,106,95021,LOMBARDIA,142
143,20200711,59,95080,LOMBARDIA,143
144,20200712,11,95091,LOMBARDIA,144
145,20200713,63,95154,LOMBARDIA,145
146,20200714,78,95232,LOMBARDIA,146
147,20200715,77,95309,LOMBARDIA,147
148,20200716,66,95375,LOMBARDIA,148
149,20200717,85,95460,LOMBARDIA,149
150,20200718,49,95509,LOMBARDIA,150
151,20200719,15,95524,LOMBARDIA,151
152,20200720,72,95596,LOMBARDIA,152
153,20200721,69,95665,LOMBARDIA,153
154,20200722,61,95726,LOMBARDIA,154
155,20200723,91,95817,LOMBARDIA,155
156,20200724,85,95902,LOMBARDIA,156
157,20200725,40,95942,LOMBARDIA,157
158,20200726,15,95957,LOMBARDIA,158
159,20200727,80,96037,LOMBARDIA,159
160,20200728,68,96105,LOMBARDIA,160
161,20200729,84,96189,LOMBARDIA,161
162,20200730,51,96240,LOMBARDIA,162
163,20200731,61,96301,LOMBARDIA,163
164,20200801,34,96335,LOMBARDIA,164
165,20200802,17,96352,LOMBARDIA,165
166,20200803,170,96522,LOMBARDIA,166
167,20200804,76,96598,LOMBARDIA,167
168,20200805,83,96681,LOMBARDIA,168
169,20200806,84,96765,LOMBARDIA,169
170,20200807,79,96844,LOMBARDIA,170
171,20200808,59,96903,LOMBARDIA,171
172,20200809,20,96923,LOMBARDIA,172
173,20200810,99,97022,LOMBARDIA,173
174,20200811,96,97118,LOMBARDIA,174
175,20200812,94,97212,LOMBARDIA,175
176,20200813,97,97309,LOMBARDIA,176
177,20200814,104,97413,LOMBARDIA,177
178,20200815,18,97431,LOMBARDIA,178
179,20200816,19,97450,LOMBARDIA,179
180,20200817,147,97597,LOMBARDIA,180
181,20200818,150,97747,LOMBARDIA,181
182,20200819,169,97916,LOMBARDIA,182
183,20200820,207,98123,LOMBARDIA,183
184,20200821,274,98397,LOMBARDIA,184
185,20200822,146,98543,LOMBARDIA,185
186,20200823,52,98595,LOMBARDIA,186
187,20200824,324,98919,LOMBARDIA,187
188,20200825,319,99238,LOMBARDIA,188
189,20200826,271,99509,LOMBARDIA,189
190,20200827,271,99780,LOMBARDIA,190
191,20200828,117,99897,LOMBARDIA,191
192,20200829,43,99940,LOMBARDIA,192
